Scene:
  name: scene-1100
  token: e233467e827140efa4b42d2b4c435855
  description: Night, peds in sidewalk, peds cross crosswalk, scooter, PMD, difficult lighting
  nbr_samples: 40
Camera:
- name: FRONT_CAMERA
  topic: /FRONT_CAMERA
  width: 800
  height: 320
  intrinsics:
  - [633.208601523277, 0.0, 408.133509872399, 0.0]
  - [0.0, 450.28167219433, 174.758067837492, 0.0]
  - [0.0, 0.0, 1.0, 0.0]
  - [0.0, 0.0, 0.0, 1.0]
  cam2lidar:
  - [0.999970856601, 0.003487968667, 0.006791172464, 0.011906635377]
  - [0.006725192192, 0.018592143937, -0.999804532884, -0.324986268096]
  - [-0.003613549339, 0.99982106712, 0.018568144838, -0.759002037867]
  - [0.0, 0.0, 0.0, 1.0]
  lidar2cam:
  - [0.999970856601, 0.006725192192, -0.003613549339, -0.012463384577]
  - [0.003487968667, 0.018592143937, 0.99982106712, 0.764866888949]
  - [0.006791172464, -0.999804532884, 0.018568144838, -0.31091034421]
  - [0.0, 0.0, 0.0, 1.0]
  lidar2img:
  - [631.715337097529, 410.269093129841, 11.878510943185, -302.234781779044]
  - [2.396733885523, 183.098499534741, -446.948723819263, -278.977089860818]
  - [-0.003613549339, 0.99982106712, 0.018568144838, -0.759002037867]
  - [0.0, 0.0, 0.0, 1.0]
  img2lidar:
  - [0.00157921237, 1.4935523e-05, -0.650753140036, -0.012463384577]
  - [5.508404e-06, 4.129003e-05, 0.990357137011, 0.76486688895]
  - [1.0725016e-05, -0.002220398019, 0.402223373975, -0.310910344209]
  - [0.0, 0.0, 0.0, 1.0]
- name: FRONT_RIGHT_CAMERA
  topic: /FRONT_RIGHT_CAMERA
  width: 800
  height: 320
  intrinsics:
  - [630.423722300235, 0.0, 403.984122262777, 0.0]
  - [0.0, 448.301313635723, 176.118907333052, 0.0]
  - [0.0, 0.0, 1.0, 0.0]
  - [0.0, 0.0, 0.0, 1.0]
  cam2lidar:
  - [0.55165400591, -0.833667459709, -0.026008159942, 0.229577754938]
  - [-0.010479658617, 0.024251799646, -0.999650952568, -0.336348359503]
  - [0.834007214908, 0.551734009134, 0.004642052047, -0.751593362507]
  - [0.0, 0.0, 0.0, 1.0]
  lidar2cam:
  - [0.55165400591, -0.010479658617, 0.834007214908, 0.496661982844]
  - [-0.833667459709, 0.024251799646, 0.551734009134, 0.614228175925]
  - [-0.026008159942, -0.999650952568, 0.004642052047, -0.326771127495]
  - [0.0, 0.0, 0.0, 1.0]
  lidar2img:
  - [684.70144450305, -302.671963707807, -14.52084567911, -158.900522025574]
  - [142.186394673024, 108.042904466496, -447.327282079135, -283.155213167923]
  - [0.834007214908, 0.551734009134, 0.004642052047, -0.751593362507]
  - [0.0, 0.0, 0.0, 1.0]
  img2lidar:
  - [0.000875052741, -2.3376373e-05, 0.484616822808, 0.496661982844]
  - [-0.001322392274, 5.4097097e-05, 1.076431969617, 0.614228175925]
  - [-4.1255046e-05, -0.002229863982, 0.414029643866, -0.326771127495]
  - [0.0, 0.0, 0.0, 1.0]
- name: FRONT_LEFT_CAMERA
  topic: /FRONT_LEFT_CAMERA
  width: 800
  height: 320
  intrinsics:
  - [636.298973529924, 0.0, 413.30774636769, 0.0]
  - [0.0, 452.479270065724, 170.578365818176, 0.0]
  - [0.0, 0.0, 1.0, 0.0]
  - [0.0, 0.0, 0.0, 1.0]
  cam2lidar:
  - [0.572941806835, 0.819323913714, 0.021118958208, -0.194307748779]
  - [0.002679485566, 0.023894900145, -0.999710885259, -0.332294421241]
  - [-0.81959167049, 0.572832748856, 0.011495020662, -0.736595186051]
  - [0.0, 0.0, 0.0, 1.0]
  lidar2cam:
  - [0.572941806835, 0.002679485566, -0.81959167049, -0.491489868238]
  - [0.819323913714, 0.023894900145, 0.572832748856, 0.589086972429]
  - [0.021118958208, -0.999710885259, 0.011495020662, -0.319627595916]
  - [0.0, 0.0, 0.0, 1.0]
  lidar2img:
  - [25.818697309538, 758.091177760021, 18.188952514033, -428.078317429016]
  - [-138.592196117318, 108.524821162893, -450.387649799181, -276.003540276155]
  - [-0.81959167049, 0.572832748856, 0.011495020662, -0.736595186051]
  - [0.0, 0.0, 0.0, 1.0]
  img2lidar:
  - [0.00090042862, 5.921786e-06, -1.192755922952, -0.491489868238]
  - [0.001287639848, 5.2808828e-05, 0.03163318139, 0.589086972429]
  - [3.3190307e-05, -0.002209407041, 0.374654252225, -0.319627595915]
  - [0.0, 0.0, 0.0, 1.0]
- name: BACK_CAMERA
  topic: /BACK_CAMERA
  width: 800
  height: 320
  intrinsics:
  - [404.610495283853, 0.0, 414.609800162992, 0.0]
  - [0.0, 287.723018868518, 171.298995144933, 0.0]
  - [0.0, 0.0, 1.0, 0.0]
  - [0.0, 0.0, 0.0, 1.0]
  cam2lidar:
  - [-0.99994107273, 0.004693549527, -0.009788853839, -0.002279094219]
  - [0.009823741143, 0.007468503624, -0.999923854883, -0.276410212784]
  - [-0.004620084046, -0.999961095266, -0.007514171741, -0.91089213643]
  - [0.0, 0.0, 0.0, 1.0]
  lidar2cam:
  - [-0.99994107273, 0.009823741143, -0.004620084046, -0.003771975766]
  - [0.004693549527, 0.007468503624, -0.999961095266, -0.908781630696]
  - [-0.009788853839, -0.999923854883, -0.007514171741, -0.283256075167]
  - [0.0, 0.0, 0.0, 1.0]
  lidar2img:
  - [-406.502184815001, -412.694610480244, -7.076122243985, -378.586952096031]
  - [2.035100703682, -169.143470393965, -288.988280234162, -235.564488524182]
  - [-0.004620084046, -0.999961095266, -0.007514171741, -0.91089213643]
  - [0.0, 0.0, 0.0, 1.0]
  img2lidar:
  - [-0.002471367116, 3.4143049e-05, 1.014184271952, -0.003771975765]
  - [1.1600168e-05, 2.5957268e-05, -1.009217092398, -0.908781630697]
  - [-2.4193277e-05, -0.003475300165, 0.597832024104, -0.283256075167]
  - [0.0, 0.0, 0.0, 1.0]
- name: BACK_LEFT_CAMERA
  topic: /BACK_LEFT_CAMERA
  width: 800
  height: 320
  intrinsics:
  - [628.37074060477, 0.0, 396.056287037981, 0.0]
  - [0.0, 446.84141554117, 175.209154316493, 0.0]
  - [0.0, 0.0, 1.0, 0.0]
  - [0.0, 0.0, 0.0, 1.0]
  cam2lidar:
  - [-0.317050023755, 0.948082827476, 0.024864325461, -0.240867746246]
  - [0.019892499587, 0.032858831174, -0.99926202053, -0.243247560679]
  - [-0.948200174487, -0.316321433763, -0.029277630459, -0.434085249]
  - [0.0, 0.0, 0.0, 1.0]
  lidar2cam:
  - [-0.317050023755, 0.019892499587, -0.948200174487, -0.483128031513]
  - [0.948082827476, 0.032858831174, -0.316321433763, 0.099044936099]
  - [0.024864325461, -0.99926202053, -0.029277630459, -0.249788022445]
  - [0.0, 0.0, 0.0, 1.0]
  lidar2img:
  - [-574.765598711776, 470.466415889054, 4.028424991705, -323.276436073298]
  - [-157.244558020511, -40.739724266977, -451.641364623267, -184.748793719295]
  - [-0.948200174487, -0.316321433763, -0.029277630459, -0.434085249]
  - [0.0, 0.0, 0.0, 1.0]
  img2lidar:
  - [-0.000504558859, 4.451803e-05, -0.756166432702, -0.483128031513]
  - [0.001508795312, 7.3535778e-05, -0.926773444333, 0.0990449361]
  - [3.9569515e-05, -0.002236278881, 0.346867145818, -0.249788022445]
  - [0.0, 0.0, 0.0, 1.0]
- name: BACK_RIGHT_CAMERA
  topic: /BACK_RIGHT_CAMERA
  width: 800
  height: 320
  intrinsics:
  - [629.756870292337, 0.0, 403.626452691931, 0.0]
  - [0.0, 447.827107763439, 178.202950701925, 0.0]
  - [0.0, 0.0, 1.0, 0.0]
  - [0.0, 0.0, 0.0, 1.0]
  cam2lidar:
  - [-0.356904552726, -0.933464580877, -0.035538943306, 0.234158931313]
  - [-0.005439469132, 0.040120616024, -0.999180038004, -0.273447077167]
  - [0.934125019695, -0.35641859157, -0.01939678229, -0.428484086557]
  - [0.0, 0.0, 0.0, 1.0]
  lidar2cam:
  - [-0.356904552726, -0.005439469132, 0.934125019695, 0.482342687506]
  - [-0.933464580877, 0.040120616024, -0.35641859157, 0.076830239222]
  - [-0.035538943306, -0.999180038004, -0.01939678229, -0.273212312513]
  - [0.0, 0.0, 0.0, 1.0]
  lidar2img:
  - [152.274473952461, -731.715704770701, -30.209948139234, -25.484316157271]
  - [164.027893104991, -45.547745267083, -450.916470392495, -198.81414224734]
  - [0.934125019695, -0.35641859157, -0.01939678229, -0.428484086557]
  - [0.0, 0.0, 0.0, 1.0]
  img2lidar:
  - [-0.000566733877, -1.214636e-05, 1.165038321262, 0.482342687505]
  - [-0.001482261846, 8.9589521e-05, 0.22589638218, 0.076830239221]
  - [-5.64328e-05, -0.00223117364, 0.400982714589, -0.273212312513]
  - [0.0, 0.0, 0.0, 1.0]
Lidar:
  name: RSLIDAR
  topic: /rslidar_points
  lidar2ego:
  - [0.002033271792, 0.999704058567, 0.024241722087, 0.943713]
  - [-0.999980529779, 0.002175657153, -0.005848639065, 0.0]
  - [-0.005899649886, -0.024229358223, 0.999689017811, 1.84023]
  - [0.0, 0.0, 0.0, 1.0]
Location:
  name: Location
  topic: /polyx_ns/polyx_compactNav
Meta:
  version_dir: v1.0-mini
  camera_name_mapping:
    CAM_FRONT: FRONT_CAMERA
    CAM_FRONT_LEFT: FRONT_LEFT_CAMERA
    CAM_FRONT_RIGHT: FRONT_RIGHT_CAMERA
    CAM_BACK: BACK_CAMERA
    CAM_BACK_LEFT: BACK_LEFT_CAMERA
    CAM_BACK_RIGHT: BACK_RIGHT_CAMERA
  image_size:
    width: 800
    height: 320
