Scene:
  name: scene-0553
  token: 6f83169d067343658251f72e1dd17dbc
  description: Wait at intersection, bicycle, large truck, peds crossing crosswalk, ped with stroller
  nbr_samples: 41
Camera:
- name: FRONT_CAMERA
  topic: /FRONT_CAMERA
  width: 800
  height: 320
  intrinsics:
  - [626.406551059265, 0.0, 413.294057390699, 0.0]
  - [0.0, 445.444658531033, 167.105657821318, 0.0]
  - [0.0, 0.0, 1.0, 0.0]
  - [0.0, 0.0, 0.0, 1.0]
  cam2lidar:
  - [0.999898613799, 0.011220259397, -0.008767434199, -0.007022340992]
  - [-0.00936803155, 0.054645157015, -0.998461890509, -0.351505982151]
  - [-0.010723903591, 0.998442793851, 0.054744728494, -0.733240899488]
  - [0.0, 0.0, 0.0, 1.0]
  lidar2cam:
  - [0.999898613799, -0.00936803155, -0.010723903591, -0.004134494822]
  - [0.011220259397, 0.054645157015, 0.998442793851, 0.751385984324]
  - [-0.008767434199, -0.998461890509, 0.054744728494, -0.310885821413]
  - [0.0, 0.0, 0.0, 1.0]
  lidar2img:
  - [621.91091645258, 419.67891733405, 17.133692741803, -307.442946795362]
  - [-5.964964578884, 191.186833170347, -435.611362006792, -279.105165041305]
  - [-0.010723903591, 0.998442793851, 0.054744728494, -0.733240899488]
  - [0.0, 0.0, 0.0, 1.0]
  img2lidar:
  - [621.91091645258, -5.964964578884, -0.010723903591, 189537.2645119257]
  - [419.67891733405, 191.186833170347, 0.998442793851, 182389.28777789386]
  - [17.133692741803, -435.611362006792, 0.054744728494, -116313.70795967315]
  - [0.0, 0.0, 0.0, 1.0]
- name: FRONT_RIGHT_CAMERA
  topic: /FRONT_RIGHT_CAMERA
  width: 800
  height: 320
  intrinsics:
  - [628.37425582202, 0.0, 408.894378547986, 0.0]
  - [0.0, 446.843915251214, 160.694818847827, 0.0]
  - [0.0, 0.0, 1.0, 0.0]
  - [0.0, 0.0, 0.0, 1.0]
  cam2lidar:
  - [0.536643820895, -0.842127832373, -0.053236485967, 0.229509896255]
  - [-0.000677334225, 0.062660760741, -0.998034653848, -0.330634873725]
  - [0.843808598389, 0.53562518892, 0.033056108061, -0.73843220693]
  - [0.0, 0.0, 0.0, 1.0]
  lidar2cam:
  - [0.536643820895, -0.000677334225, 0.843808598389, 0.499706427559]
  - [-0.842127832373, 0.062660760741, 0.53562518892, 0.609517394498]
  - [-0.053236485967, -0.998034653848, 0.033056108061, -0.293357066549]
  - [0.0, 0.0, 0.0, 1.0]
  lidar2img:
  - [682.241754048098, -310.157321216304, -19.935980489275, -157.722668089436]
  - [135.293007183327, 114.071772365961, -440.653766985154, -266.404411217887]
  - [0.843808598389, 0.53562518892, 0.033056108061, -0.73843220693]
  - [0.0, 0.0, 0.0, 1.0]
  img2lidar:
  - [682.241754048098, 135.293007183327, 0.843808598389, 143648.26674649992]
  - [-310.157321216304, 114.071772365961, 0.53562518892, -18529.22135308269]
  - [-19.935980489275, -440.653766985154, 0.033056108061, -120536.43896867648]
  - [0.0, 0.0, 0.0, 1.0]
- name: FRONT_LEFT_CAMERA
  topic: /FRONT_LEFT_CAMERA
  width: 800
  height: 320
  intrinsics:
  - [628.931267106256, 0.0, 413.620531554784, 0.0]
  - [0.0, 447.240012164449, 160.325510473164, 0.0]
  - [0.0, 0.0, 1.0, 0.0]
  - [0.0, 0.0, 0.0, 1.0]
  cam2lidar:
  - [0.568247155323, 0.822082947314, 0.035704316306, -0.201561703662]
  - [-0.013484892915, 0.052688386654, -0.998519950514, -0.345221976484]
  - [-0.822747426693, 0.566924652531, 0.041025726347, -0.741095743038]
  - [0.0, 0.0, 0.0, 1.0]
  lidar2cam:
  - [0.568247155323, -0.013484892915, -0.822747426693, -0.499853032174]
  - [0.822082947314, 0.052688386654, 0.566924652531, 0.604035075005]
  - [0.035704316306, -0.998519950514, 0.041025726347, -0.307110416902]
  - [0.0, 0.0, 0.0, 1.0]
  lidar2img:
  - [17.08317546273, 751.525345852023, 39.424643634562, -433.300872852602]
  - [-137.938384846378, 114.456839004914, -440.000604295211, -273.213634274195]
  - [-0.822747426693, 0.566924652531, 0.041025726347, -0.741095743038]
  - [0.0, 0.0, 0.0, 1.0]
  img2lidar:
  - [17.08317546273, -137.938384846378, -0.822747426693, -30285.10232531193]
  - [751.525345852023, 114.456839004914, 0.566924652531, 356908.17742605077]
  - [39.424643634562, -440.000604295211, 0.041025726347, -103131.4012795869]
  - [0.0, 0.0, 0.0, 1.0]
- name: BACK_CAMERA
  topic: /BACK_CAMERA
  width: 800
  height: 320
  intrinsics:
  - [398.445531725155, 0.0, 428.888716343185, 0.0]
  - [0.0, 283.339044782332, 169.559075143375, 0.0]
  - [0.0, 0.0, 1.0, 0.0]
  - [0.0, 0.0, 0.0, 1.0]
  cam2lidar:
  - [-0.999928365452, 0.008282027816, 0.008641295084, 0.000837981209]
  - [-0.008308319339, 0.039429076359, -0.999187830074, -0.278673269943]
  - [-0.008616019686, -0.999188048343, -0.039357442143, -0.928704961514]
  - [0.0, 0.0, 0.0, 1.0]
  lidar2cam:
  - [-0.999928365452, -0.008308319339, -0.008616019686, -0.009479125568]
  - [0.008282027816, 0.039429076359, -0.999188048343, -0.916970008526]
  - [0.008641295084, -0.999187830074, -0.039357442143, -0.315005632928]
  - [0.0, 0.0, 0.0, 1.0]
  lidar2img:
  - [-402.112302882703, -425.240542462373, -13.436877424724, -397.977188936891]
  - [-3.814995594634, -158.249604539144, -289.782336821074, -236.429372467396]
  - [-0.008616019686, -0.999188048343, -0.039357442143, -0.928704961514]
  - [0.0, 0.0, 0.0, 1.0]
  img2lidar:
  - [-402.112302882703, -3.814995594634, -0.008616019686, -160933.50895434327]
  - [-425.240542462373, -158.249604539144, -0.999188048343, -206651.81835647524]
  - [-13.436877424724, -289.782336821074, -0.039357442143, -73860.66330377513]
  - [0.0, 0.0, 0.0, 1.0]
- name: BACK_LEFT_CAMERA
  topic: /BACK_LEFT_CAMERA
  width: 800
  height: 320
  intrinsics:
  - [627.493028290008, 0.0, 414.78846668155, 0.0]
  - [0.0, 446.217264561784, 166.104197755164, 0.0]
  - [0.0, 0.0, 1.0, 0.0]
  - [0.0, 0.0, 0.0, 1.0]
  cam2lidar:
  - [-0.319127560251, 0.946850153865, 0.040402802057, -0.214058287731]
  - [-0.015832345981, 0.037299546574, -0.999178703059, -0.286545077251]
  - [-0.947579514927, -0.319505132903, 0.003087545932, -0.432069498367]
  - [0.0, 0.0, 0.0, 1.0]
  lidar2cam:
  - [-0.319127560251, -0.015832345981, -0.947579514927, -0.482268785595]
  - [0.946850153865, 0.037299546574, -0.319505132903, 0.07532070163]
  - [0.040402802057, -0.999178703059, 0.003087545932, -0.276327149606]
  - [0.0, 0.0, 0.0, 1.0]
  lidar2img:
  - [-593.295373248119, 461.614826211889, 26.633155057092, -313.537527926413]
  - [-164.461601251414, -36.427442137865, -445.337933347311, -199.629917945313]
  - [-0.947579514927, -0.319505132903, 0.003087545932, -0.432069498367]
  - [0.0, 0.0, 0.0, 1.0]
  img2lidar:
  - [-593.295373248119, -164.461601251414, -0.947579514927, -218852.230041574]
  - [461.614826211889, -36.427442137865, -0.319505132903, 137461.4261312943]
  - [26.633155057092, -445.337933347311, 0.003087545932, -80552.28016054307]
  - [0.0, 0.0, 0.0, 1.0]
- name: BACK_RIGHT_CAMERA
  topic: /BACK_RIGHT_CAMERA
  width: 800
  height: 320
  intrinsics:
  - [624.981464039412, 0.0, 412.688402268799, 0.0]
  - [0.0, 444.431263316915, 164.461569371409, 0.0]
  - [0.0, 0.0, 1.0, 0.0]
  - [0.0, 0.0, 0.0, 1.0]
  cam2lidar:
  - [-0.382515379988, -0.922812237036, -0.045820947717, 0.246417842454]
  - [0.014400289783, 0.043632086032, -0.998943878665, -0.294817361948]
  - [0.923836898878, -0.382771232259, -0.00340118034, -0.399975625976]
  - [0.0, 0.0, 0.0, 1.0]
  lidar2cam:
  - [-0.382515379988, 0.014400289783, 0.923836898878, 0.468016312016]
  - [-0.922812237036, 0.043632086032, -0.382771232259, 0.087161733712]
  - [-0.045820947717, -0.998943878665, -0.00340118034, -0.284575289202]
  - [0.0, 0.0, 0.0, 1.0]
  lidar2img:
  - [142.191751552432, -734.70579121167, -30.040870668187, -11.058718088164]
  - [158.33560521308, -43.559694451189, -444.521253434217, -196.806671776635]
  - [0.923836898878, -0.382771232259, -0.00340118034, -0.399975625976]
  - [0.0, 0.0, 0.0, 1.0]
  img2lidar:
  - [142.191751552432, 158.33560521308, 0.923836898878, 32734.331492848018]
  - [-734.70579121167, -43.559694451189, -0.382771232259, -16697.895810460228]
  - [-30.040870668187, -444.521253434217, -0.00340118034, -87816.96330259803]
  - [0.0, 0.0, 0.0, 1.0]
Lidar:
  name: RSLIDAR
  topic: /rslidar_points
  lidar2ego:
  - [-0.000542795004, 0.998930699141, 0.046229467734, 0.985793]
  - [-0.99999549235, -0.000405693167, -0.00297501151, 0.0]
  - [-0.002953075349, -0.046230874169, 0.998926416519, 1.84019]
  - [0.0, 0.0, 0.0, 1.0]
Location:
  name: Location
  topic: /polyx_ns/polyx_compactNav
Meta:
  version_dir: v1.0-mini
  camera_name_mapping:
    CAM_FRONT: FRONT_CAMERA
    CAM_FRONT_LEFT: FRONT_LEFT_CAMERA
    CAM_FRONT_RIGHT: FRONT_RIGHT_CAMERA
    CAM_BACK: BACK_CAMERA
    CAM_BACK_LEFT: BACK_LEFT_CAMERA
    CAM_BACK_RIGHT: BACK_RIGHT_CAMERA
  image_size:
    width: 800
    height: 320
