Scene:
  name: scene-0061
  token: cc8c0bf57f984915a77078b10eb33198
  description: Parked truck, construction, intersection, turn left, following a van
  nbr_samples: 39
Camera:
- name: FRONT_CAMERA
  topic: /FRONT_CAMERA
  width: 800
  height: 320
  intrinsics:
  - [633.208601523277, 0.0, 408.133509872399, 0.0]
  - [0.0, 450.28167219433, 174.758067837492, 0.0]
  - [0.0, 0.0, 1.0, 0.0]
  - [0.0, 0.0, 0.0, 1.0]
  cam2lidar:
  - [0.999970856601, 0.003487968667, 0.006791172464, 0.011906635377]
  - [0.006725192192, 0.018592143937, -0.999804532884, -0.324986268096]
  - [-0.003613549339, 0.99982106712, 0.018568144838, -0.759002037867]
  - [0.0, 0.0, 0.0, 1.0]
  lidar2cam:
  - [0.999970856601, 0.006725192192, -0.003613549339, -0.012463384577]
  - [0.003487968667, 0.018592143937, 0.99982106712, 0.764866888949]
  - [0.006791172464, -0.999804532884, 0.018568144838, -0.31091034421]
  - [0.0, 0.0, 0.0, 1.0]
  lidar2img:
  - [631.715337097529, 410.269093129841, 11.878510943185, -302.234781779044]
  - [2.396733885523, 183.098499534741, -446.948723819263, -278.977089860818]
  - [-0.003613549339, 0.99982106712, 0.018568144838, -0.759002037867]
  - [0.0, 0.0, 0.0, 1.0]
  img2lidar:
  - [631.715337097529, 2.396733885523, -0.003613549339, 191594.97815600957]
  - [410.269093129841, 183.098499534741, 0.99982106712, 175078.6352570956]
  - [11.878510943185, -446.948723819263, 0.018568144838, -121098.3410320712]
  - [0.0, 0.0, 0.0, 1.0]
- name: FRONT_RIGHT_CAMERA
  topic: /FRONT_RIGHT_CAMERA
  width: 800
  height: 320
  intrinsics:
  - [630.423722300235, 0.0, 403.984122262777, 0.0]
  - [0.0, 448.301313635723, 176.118907333052, 0.0]
  - [0.0, 0.0, 1.0, 0.0]
  - [0.0, 0.0, 0.0, 1.0]
  cam2lidar:
  - [0.55165400591, -0.833667459709, -0.026008159942, 0.229577754938]
  - [-0.010479658617, 0.024251799646, -0.999650952568, -0.336348359503]
  - [0.834007214908, 0.551734009134, 0.004642052047, -0.751593362507]
  - [0.0, 0.0, 0.0, 1.0]
  lidar2cam:
  - [0.55165400591, -0.010479658617, 0.834007214908, 0.496661982844]
  - [-0.833667459709, 0.024251799646, 0.551734009134, 0.614228175925]
  - [-0.026008159942, -0.999650952568, 0.004642052047, -0.326771127495]
  - [0.0, 0.0, 0.0, 1.0]
  lidar2img:
  - [684.70144450305, -302.671963707807, -14.52084567911, -158.900522025574]
  - [142.186394673024, 108.042904466496, -447.327282079135, -283.155213167923]
  - [0.834007214908, 0.551734009134, 0.004642052047, -0.751593362507]
  - [0.0, 0.0, 0.0, 1.0]
  img2lidar:
  - [684.70144450305, 142.186394673024, 0.834007214908, 149060.8626907048]
  - [-302.671963707807, 108.042904466496, 0.551734009134, -17501.406710564766]
  - [-14.52084567911, -447.327282079135, 0.004642052047, -128970.41838267297]
  - [0.0, 0.0, 0.0, 1.0]
- name: FRONT_LEFT_CAMERA
  topic: /FRONT_LEFT_CAMERA
  width: 800
  height: 320
  intrinsics:
  - [636.298973529924, 0.0, 413.30774636769, 0.0]
  - [0.0, 452.479270065724, 170.578365818176, 0.0]
  - [0.0, 0.0, 1.0, 0.0]
  - [0.0, 0.0, 0.0, 1.0]
  cam2lidar:
  - [0.572941806835, 0.819323913714, 0.021118958208, -0.194307748779]
  - [0.002679485566, 0.023894900145, -0.999710885259, -0.332294421241]
  - [-0.81959167049, 0.572832748856, 0.011495020662, -0.736595186051]
  - [0.0, 0.0, 0.0, 1.0]
  lidar2cam:
  - [0.572941806835, 0.002679485566, -0.81959167049, -0.491489868238]
  - [0.819323913714, 0.023894900145, 0.572832748856, 0.589086972429]
  - [0.021118958208, -0.999710885259, 0.011495020662, -0.319627595916]
  - [0.0, 0.0, 0.0, 1.0]
  lidar2img:
  - [25.818697309538, 758.091177760021, 18.188952514033, -428.078317429016]
  - [-138.592196117318, 108.524821162893, -450.387649799181, -276.003540276155]
  - [-0.81959167049, 0.572832748856, 0.011495020662, -0.736595186051]
  - [0.0, 0.0, 0.0, 1.0]
  img2lidar:
  - [25.818697309538, -138.592196117318, -0.81959167049, -27200.115987829868]
  - [758.091177760021, 108.524821162893, 0.572832748856, 354476.0526279312]
  - [18.188952514033, -450.387649799181, 0.011495020662, -116522.28118605065]
  - [0.0, 0.0, 0.0, 1.0]
- name: BACK_CAMERA
  topic: /BACK_CAMERA
  width: 800
  height: 320
  intrinsics:
  - [404.610495283853, 0.0, 414.609800162992, 0.0]
  - [0.0, 287.723018868518, 171.298995144933, 0.0]
  - [0.0, 0.0, 1.0, 0.0]
  - [0.0, 0.0, 0.0, 1.0]
  cam2lidar:
  - [-0.99994107273, 0.004693549527, -0.009788853839, -0.002279094219]
  - [0.009823741143, 0.007468503624, -0.999923854883, -0.276410212784]
  - [-0.004620084046, -0.999961095266, -0.007514171741, -0.91089213643]
  - [0.0, 0.0, 0.0, 1.0]
  lidar2cam:
  - [-0.99994107273, 0.009823741143, -0.004620084046, -0.003771975766]
  - [0.004693549527, 0.007468503624, -0.999961095266, -0.908781630696]
  - [-0.009788853839, -0.999923854883, -0.007514171741, -0.283256075167]
  - [0.0, 0.0, 0.0, 1.0]
  lidar2img:
  - [-406.502184815001, -412.694610480244, -7.076122243985, -378.586952096031]
  - [2.035100703682, -169.143470393965, -288.988280234162, -235.564488524182]
  - [-0.004620084046, -0.999961095266, -0.007514171741, -0.91089213643]
  - [0.0, 0.0, 0.0, 1.0]
  img2lidar:
  - [-406.502184815001, 2.035100703682, -0.004620084046, -153417.02992152888]
  - [-412.694610480244, -169.143470393965, -0.999961095266, -196085.9006754322]
  - [-7.076122243985, -288.988280234162, -0.007514171741, -70754.3108204525]
  - [0.0, 0.0, 0.0, 1.0]
- name: BACK_LEFT_CAMERA
  topic: /BACK_LEFT_CAMERA
  width: 800
  height: 320
  intrinsics:
  - [628.37074060477, 0.0, 396.056287037981, 0.0]
  - [0.0, 446.84141554117, 175.209154316493, 0.0]
  - [0.0, 0.0, 1.0, 0.0]
  - [0.0, 0.0, 0.0, 1.0]
  cam2lidar:
  - [-0.317050023755, 0.948082827476, 0.024864325461, -0.240867746246]
  - [0.019892499587, 0.032858831174, -0.99926202053, -0.243247560679]
  - [-0.948200174487, -0.316321433763, -0.029277630459, -0.434085249]
  - [0.0, 0.0, 0.0, 1.0]
  lidar2cam:
  - [-0.317050023755, 0.019892499587, -0.948200174487, -0.483128031513]
  - [0.948082827476, 0.032858831174, -0.316321433763, 0.099044936099]
  - [0.024864325461, -0.99926202053, -0.029277630459, -0.249788022445]
  - [0.0, 0.0, 0.0, 1.0]
  lidar2img:
  - [-574.765598711776, 470.466415889054, 4.028424991705, -323.276436073298]
  - [-157.244558020511, -40.739724266977, -451.641364623267, -184.748793719295]
  - [-0.948200174487, -0.316321433763, -0.029277630459, -0.434085249]
  - [0.0, 0.0, 0.0, 1.0]
  img2lidar:
  - [-574.765598711776, -157.244558020511, -0.948200174487, -214859.32834200023]
  - [470.466415889054, -40.739724266977, -0.316321433763, 144563.95399554237]
  - [4.028424991705, -451.641364623267, -0.029277630459, -82137.91514256535]
  - [0.0, 0.0, 0.0, 1.0]
- name: BACK_RIGHT_CAMERA
  topic: /BACK_RIGHT_CAMERA
  width: 800
  height: 320
  intrinsics:
  - [629.756870292337, 0.0, 403.626452691931, 0.0]
  - [0.0, 447.827107763439, 178.202950701925, 0.0]
  - [0.0, 0.0, 1.0, 0.0]
  - [0.0, 0.0, 0.0, 1.0]
  cam2lidar:
  - [-0.356904552726, -0.933464580877, -0.035538943306, 0.234158931313]
  - [-0.005439469132, 0.040120616024, -0.999180038004, -0.273447077167]
  - [0.934125019695, -0.35641859157, -0.01939678229, -0.428484086557]
  - [0.0, 0.0, 0.0, 1.0]
  lidar2cam:
  - [-0.356904552726, -0.005439469132, 0.934125019695, 0.482342687506]
  - [-0.933464580877, 0.040120616024, -0.35641859157, 0.076830239222]
  - [-0.035538943306, -0.999180038004, -0.01939678229, -0.273212312513]
  - [0.0, 0.0, 0.0, 1.0]
  lidar2img:
  - [152.274473952461, -731.715704770701, -30.209948139234, -25.484316157271]
  - [164.027893104991, -45.547745267083, -450.916470392495, -198.81414224734]
  - [0.934125019695, -0.35641859157, -0.01939678229, -0.428484086557]
  - [0.0, 0.0, 0.0, 1.0]
  img2lidar:
  - [152.274473952461, 164.027893104991, 0.934125019695, 36492.07596689959]
  - [-731.715704770701, -45.547745267083, -0.35641859157, -27702.962983887002]
  - [-30.209948139234, -450.916470392495, -0.01939678229, -90418.4594669695]
  - [0.0, 0.0, 0.0, 1.0]
Lidar:
  name: RSLIDAR
  topic: /rslidar_points
  lidar2ego:
  - [0.002033271792, 0.999704058567, 0.024241722087, 0.943713]
  - [-0.999980529779, 0.002175657153, -0.005848639065, 0.0]
  - [-0.005899649886, -0.024229358223, 0.999689017811, 1.84023]
  - [0.0, 0.0, 0.0, 1.0]
Location:
  name: Location
  topic: /polyx_ns/polyx_compactNav
Meta:
  version_dir: v1.0-mini
  camera_name_mapping:
    CAM_FRONT: FRONT_CAMERA
    CAM_FRONT_LEFT: FRONT_LEFT_CAMERA
    CAM_FRONT_RIGHT: FRONT_RIGHT_CAMERA
    CAM_BACK: BACK_CAMERA
    CAM_BACK_LEFT: BACK_LEFT_CAMERA
    CAM_BACK_RIGHT: BACK_RIGHT_CAMERA
  image_size:
    width: 800
    height: 320
