Camera:
  - name: FRONT_CAMERA
    device: /dev/video1
    topic: /FRONT_CAMERA
    width: 1920
    height: 1080
    distortion:
      distortion_model: "RATIONAL_POLYNOMIAL" # PLUMB_BOB RATIONAL_POLYNOMIAL EQUIDISTANT
      K:
        [
          1.566043333,
          0.5006370801,
          0.0167435942,
          1.9601543513,
          1.0219416295,
          0.1124874892,
        ]
      P: [-0.0000629876, 0.0000567512]

    intrinsics:
      [
        [1007.869303, 0, 945.1310561, 0],
        [0, 1007.785226, 490.02621, 0],
        [0, 0, 1, 0],
        [0, 0, 0, 1],
      ]
    cam2lidar:
      [
        [0.99865035, 0.00279347, 0.05186215, -0.0037],
        [-0.0518209, -0.01323236, 0.99856873, 0.2374],
        [0.00347573, -0.99990855, -0.01306974, -0.268],
        [0, 0, 0, 1],
      ]

  - name: FRONT_RIGHT_CAMERA
    device: /dev/video2
    topic: /FRONT_RIGHT_CAMERA
    width: 1920
    height: 1080
    distortion:
      distortion_model: "RATIONAL_POLYNOMIAL" # PLUMB_BOB RATIONAL_POLYNOMIAL EQUIDISTANT
      K:
        [
          0.7592682165,
          0.2931244567,
          0.0162078153,
          1.1490878365,
          0.5105300569,
          0.0863844852,
        ]
      P: [-0.0000337824, 0.0000461398]

    intrinsics:
      [
        [1004.4678522119, 0, 964.1214662119, 0],
        [0, 1004.6067638225, 533.1478261462, 0],
        [0, 0, 1, 0],
        [0, 0, 0, 1],
      ]
    cam2lidar:
      [
        [0.85387686, 0.02848176, 0.51969519, 0.1167],
        [-0.52023966, 0.01667664, 0.85385748, 0.2248],
        [0.01565259, -0.99945519, 0.02905714, -0.2679],
        [0, 0, 0, 1],
      ]

  - name: FRONT_LEFT_CAMERA
    device: /dev/video0
    topic: /FRONT_LEFT_CAMERA
    width: 1920
    height: 1080
    distortion:
      distortion_model: "RATIONAL_POLYNOMIAL" # PLUMB_BOB RATIONAL_POLYNOMIAL EQUIDISTANT
      K:
        [
          2.3917642118,
          0.8727994006,
          0.0297478074,
          2.7867775002,
          1.7152399028,
          0.1997783443,
        ]
      P: [-0.0000383344, 0.0000416948]

    intrinsics:
      [
        [1013.6820324240, 0, 943.3631994066, 0],
        [0, 1013.5584357961, 520.5234169306, 0],
        [0, 0, 1, 0],
        [0, 0, 0, 1],
      ]

    cam2lidar:
      [
        [0.87582539, 0.00630639, -0.48258689, -0.1236],
        [0.48234426, -0.04572582, 0.8747875, 0.2211],
        [-0.01654993, -0.99893412, -0.04308968, -0.2679],
        [0, 0, 0, 1],
      ]

  - name: BACK_CAMERA
    device: /dev/video4
    topic: /BACK_CAMERA
    width: 1920
    height: 1080
    distortion:
      distortion_model: "RATIONAL_POLYNOMIAL" # PLUMB_BOB RATIONAL_POLYNOMIAL EQUIDISTANT
      K:
        [
          0.4575280993,
          -0.0151209552,
          -0.0020754313,
          0.8511451263,
          0.0728029635,
          -0.0109940751,
        ]
      P: [-0.0001431670, 0.0000257977]
    intrinsics:
      [
        [1015.1156524093, 0, 978.3922002652, 0],
        [0, 1014.9867783091, 473.6251368211, 0],
        [0, 0, 1, 0],
        [0, 0, 0, 1],
      ]
    cam2lidar:
      [
        [-0.99903329, 0.04394127, -0.0012872, 0.0042],
        [-0.00068216, -0.04477366, -0.99899692, -0.2705],
        [-0.04395483, -0.9980303, 0.04476035, -0.2641],
        [0, 0, 0, 1],
      ]

  - name: BACK_LEFT_CAMERA
    device: /dev/video5
    topic: /BACK_LEFT_CAMERA
    width: 1920
    height: 1080
    distortion:
      distortion_model: "RATIONAL_POLYNOMIAL" # PLUMB_BOB RATIONAL_POLYNOMIAL EQUIDISTANT
      K:
        [
          0.5925008368,
          0.0245657352,
          -0.0016541403,
          0.9862853414,
          0.1627283580,
          -0.0047664487,
        ]
      P: [0.0000256883, 0.0000554265]
    intrinsics:
      [
        [1012.3335008375, 0, 961.9282611965, 0],
        [0, 1012.3029008265, 545.9267726466, 0],
        [0, 0, 1, 0],
        [0, 0, 0, 1],
      ]
    cam2lidar:
      [
        [-0.17523113, 0.06405558, -0.98244131, -0.1346],
        [0.98452025, 0.01518437, -0.17461191, -0.0435],
        [0.00373288, -0.99783081, -0.06572479, -0.2659],
        [0, 0, 0, 1],
      ]

  - name: BACK_RIGHT_CAMERA
    device: /dev/video3
    topic: /BACK_RIGHT_CAMERA
    width: 1920
    height: 1080
    distortion:
      distortion_model: "RATIONAL_POLYNOMIAL" # PLUMB_BOB RATIONAL_POLYNOMIAL EQUIDISTANT
      K:
        [
          0.2073527017,
          -0.1497050666,
          -0.0073014349,
          0.6004070402,
          -0.1621835977,
          -0.0445390527,
        ]
      P: [0.0001413147, -0.0000372462]
    intrinsics:
      [
        [1009.7711814450, 0, 933.9369269017, 0],
        [0, 1009.8670153052, 521.6829915720, 0],
        [0, 0, 1, 0],
        [0, 0, 0, 1],
      ]
    cam2lidar:
      [
        [-0.33903012, 0.04656392, 0.93962247, 0.1359],
        [-0.94071423, -0.00537897, -0.33915748, -0.0394],
        [-0.0107383, -0.99890083, 0.04562698, -0.2659],
        [0, 0, 0, 1],
      ]

Lidar:
  name: RSLIDAR
  topic: /rslidar_points
  lidar2ego:
    [
      [-0.01547504, 0.99988025, -0.00012814, 0.0111],
      [0.99985061, 0.0154736, -0.00770275, -0.0139],
      [-0.00769984, -0.00024732, -0.99997033, -0.2709],
      [0, 0, 0, 1],
    ]

Location:
  name: Location
  topic: /polyx_ns/polyx_compactNav
